Correct	Eps	Cds	T	DXY	DYX	PV
1	0.995678985489168	->	0.541661977767944	0.995678985489168	0.00432101451083244	0
1	0.514214744218322	->	0.531053066253662	0.514214744218322	0.485785255781678	0
1	0.593257145965246	->	0.501313924789429	0.593257145965246	0.406742854034754	0
1	0.692447938476531	->	0.519371032714844	0.692447938476531	0.307552061523469	0
1	0.965860279261481	->	6.64593696594238	0.965860279261481	0.0341397207385192	0
1	0.957305272740466	->	6.11981797218323	0.957305272740466	0.0426947272595344	0
1	0.971198145882157	->	6.12632203102112	0.971198145882157	0.0288018541178431	0
1	0.987974084240996	->	6.70411992073059	0.987974084240996	0.0120259157590044	0
1	0.862140628388232	->	6.62643694877625	0.862140628388232	0.137859371611768	0
1	0.932404167346059	->	6.69659996032715	0.932404167346059	0.0675958326539413	0
1	0.96507890766328	->	6.52447485923767	0.96507890766328	0.0349210923367205	0
0	0.0268382163548477	<-	7.44749808311462	0.0268382163548477	0.973161783645152	0
1	0.916755229024891	->	0.5588219165802	0.916755229024891	0.0832447709751085	0
1	0.813388005218923	->	0.573280096054077	0.813388005218923	0.186611994781077	0
1	0.990053287320698	->	0.572118997573853	0.990053287320698	0.00994671267930169	0
1	0.926108718737445	->	0.568879127502441	0.926108718737445	0.0738912812625553	0
0	0.00733739449129811	<-	7.12844300270081	0.00733739449129811	0.992662605508702	0
0	0.36163592353263	<-	0.444186210632324	0.36163592353263	0.63836407646737	0
0	0.0585136374491352	<-	0.279067039489746	0.0585136374491352	0.941486362550865	0
1	0.62037479662572	->	0.497278928756714	0.62037479662572	0.37962520337428	0
0	0.00619189916382616	<-	0.491480112075806	0.00619189916382616	0.993808100836174	0
1	0.655378731664525	->	0.651404142379761	0.655378731664525	0.344621268335475	0
1	0.525109724653072	->	0.652074098587036	0.525109724653072	0.474890275346928	0
1	0.567752804680873	->	0.638612031936646	0.567752804680873	0.432247195319127	0
1	0.861358840287709	->	1.46110892295837	0.861358840287709	0.138641159712291	0
1	0.839649526596164	->	1.45316791534424	0.839649526596164	0.160350473403836	0
1	0.804743374888996	->	1.44604802131653	0.804743374888996	0.195256625111004	0
1	0.557816157674332	->	1.47341108322144	0.557816157674332	0.442183842325668	0
0	0.258159912806591	<-	1.44266581535339	0.258159912806591	0.741840087193409	0
1	0.831239483628753	->	1.47236204147339	0.831239483628753	0.168760516371247	0
1	0.825216144254588	->	1.47056698799133	0.825216144254588	0.174783855745412	0
1	0.730327890650877	->	1.68427801132202	0.730327890650877	0.269672109349123	0
0	0.440178450966475	<-	0.560081958770752	0.440178450966475	0.559821549033525	0
0	0.152148996205052	<-	0.577986001968384	0.152148996205052	0.847851003794948	0
0	0.176011961207127	<-	0.54743218421936	0.176011961207127	0.823988038792873	0
0	0.276576294199893	<-	0.547683954238892	0.276576294199893	0.723423705800107	0
0	0.0999594112647535	<-	0.578253984451294	0.0999594112647535	0.900040588735247	0
1	0.62847961371908	->	1.23941779136658	0.62847961371908	0.37152038628092	0
0	0.0882590444773903	<-	0.626070976257324	0.0882590444773903	0.91174095552261	0
0	0.488222193180604	<-	1.15000605583191	0.488222193180604	0.511777806819396	0
0	0.267840494854458	<-	1.22369790077209	0.267840494854458	0.732159505145542	0
1	0.962163870246151	->	14.5377700328827	0.962163870246151	0.0378361297538492	0
1	0.504011022720661	->	16.3344609737396	0.504011022720661	0.495988977279339	0
1	0.505888109624066	->	16.1977498531342	0.505888109624066	0.494111890375934	0
1	0.510464199733923	->	16.1904640197754	0.510464199733923	0.489535800266077	0
0	0.496976128853979	<-	15.9474430084229	0.496976128853979	0.503023871146021	0
0	0.999971146987895	->	0.400044918060303	0.999971146987895	2.8853012104979e-05	0
1	0.165668761826966	<-	0.269520998001099	0.165668761826966	0.834331238173034	0
0	0.778476316125491	->	0.556149959564209	0.778476316125491	0.221523683874509	0
0	0.749099462764521	->	0.573544979095459	0.749099462764521	0.250900537235479	0
0	0.649672766499861	->	0.572551965713501	0.649672766499861	0.350327233500139	0
1	0.296211628203782	<-	0.317346096038818	0.296211628203782	0.703788371796218	0
1	0.299979599938868	<-	0.318505048751831	0.299979599938868	0.700020400061132	0
1	0.294885195652021	<-	0.303975105285645	0.294885195652021	0.705114804347979	0
1	0.293380871837973	<-	0.312055110931396	0.293380871837973	0.706619128162027	0
1	0.294927735677624	<-	0.325284004211426	0.294927735677624	0.705072264322376	0
1	0.286294719281633	<-	0.325009107589722	0.286294719281633	0.713705280718367	0
1	0.274251275350415	<-	0.322177886962891	0.274251275350415	0.725748724649585	0
1	0.265861011669662	<-	0.312593936920166	0.265861011669662	0.734138988330338	0
0	0.304735668363499	<-	0.264635801315308	0.304735668363499	0.695264331636501	0
0	0.488504552760973	<-	2.1430230140686	0.488504552760973	0.511495447239027	0
0	0.494990738739671	<-	2.11752200126648	0.494990738739671	0.505009261260329	0
0	0.470468361857967	<-	2.14688611030579	0.470468361857967	0.529531638142033	0
0	0.999975323794251	->	0.804960966110229	0.999975323794251	2.46762057486416e-05	0
1	0.165775082008187	<-	25.1280291080475	0.165775082008187	0.834224917991813	0
1	0.931605704926837	->	7.10836291313171	0.931605704926837	0.0683942950731626	0
1	0.992018165435986	->	2.49449014663696	0.992018165435986	0.00798183456401425	0
1	0.00306472213158238	<-	7.99159002304077	0.00306472213158238	0.996935277868418	0
1	0.998969106671974	->	0.283316135406494	0.998969106671974	0.00103089332802564	0
1	0.00435434098546047	<-	0.332127094268799	0.00435434098546047	0.995645659014539	0
0	0.433228705477019	<-	0.579198122024536	0.433228705477019	0.566771294522981	0
1	0.0034283289929221	<-	12.8617961406708	0.0034283289929221	0.996571671007078	0
1	0.984238520174611	->	1.16168713569641	0.984238520174611	0.0157614798253888	0
1	0.0478524541597721	<-	1.17872309684753	0.0478524541597721	0.952147545840228	0
1	0.0182829778585744	<-	1.22186684608459	0.0182829778585744	0.981717022141426	0
1	0.789314391915486	->	0.571369886398315	0.789314391915486	0.210685608084514	0
1	0.801545294365684	->	0.611104965209961	0.801545294365684	0.198454705634316	0
1	0.836543059901341	->	0.603378057479858	0.836543059901341	0.163456940098659	0
0	0.504523471073296	->	4.70303702354431	0.504523471073296	0.495476528926704	0
1	0.930563001676597	->	1.62012004852295	0.930563001676597	0.0694369983234027	0
0	0.102884903430905	<-	1.13068199157715	0.102884903430905	0.897115096569095	0
1	0.521136546150811	->	12.4840459823608	0.521136546150811	0.478863453849189	0
1	0.989893420827782	->	0.438421964645386	0.989893420827782	0.0101065791722181	0
0	0.630818256097386	->	0.230627059936523	0.630818256097386	0.369181743902614	0
0	0.623898959425401	->	0.227329969406128	0.623898959425401	0.376101040574599	0
1	0.950958101632525	->	0.254050970077515	0.950958101632525	0.0490418983674747	0
1	0.100263695298999	<-	0.248613834381104	0.100263695298999	0.899736304701001	0
1	0.539793979583368	->	0.645846128463745	0.539793979583368	0.460206020416632	0
0	0.4179982705055	<-	13.829540014267	0.4179982705055	0.5820017294945	0
0	0.142461573973367	<-	13.3421890735626	0.142461573973367	0.857538426026633	0
0	0.182278579870123	<-	13.4720220565796	0.182278579870123	0.817721420129877	0
0	0.357003405574534	<-	0.307363986968994	0.357003405574534	0.642996594425466	0
1	0.76340189586327	->	0.152467012405396	0.76340189586327	0.23659810413673	0
1	0.447926491713212	<-	3.23346018791199	0.447926491713212	0.552073508286788	0
1	0.530527059636695	->	0.315627098083496	0.530527059636695	0.469472940363305	0
1	0.76479768643363	->	0.439498901367188	0.76479768643363	0.23520231356637	0
1	0.894413838355788	->	0.164829969406128	0.894413838355788	0.105586161644212	0
1	0.942013769491089	->	0.164720058441162	0.942013769491089	0.0579862305089112	0
1	0.687480252685124	->	0.164453983306885	0.687480252685124	0.312519747314876	0
0	0.936373091557206	->	0.176581859588623	0.936373091557206	0.0636269084427936	0
